#Handy sync file. Converted Tue Sep 01 2020 17:32:26 GMT+0000 (Coordinated Universal Time)
192800,100
193800,100
194320,0
194800,90
195240,0
195560,0
196120,50
197120,0
197400,80
198240,20
199000,0
200960,100
201520,90
202240,30
203120,100
204040,30
204200,20
204840,100
205240,90
205720,30
206400,100
207000,30
207600,100
208480,10
209200,90
209840,0
210600,100
211440,0
212160,100
212760,20
213360,100
213920,30
214760,100
215360,30
215560,0
215720,20
216160,0
216520,70
217080,0
217520,60
218160,100
218960,40
219360,100
219840,30
220280,100
220760,20
221320,100
221680,30
222160,100
222600,20
223040,100
223520,20
224000,100
224480,10
224960,100
225360,20
225880,100
226360,30
226880,100
227360,10
227960,100
228400,30
228840,100
229320,20
229880,100
230440,10
231000,100
231480,30
232160,100
232480,60
233000,100
233280,70
233640,30
234320,100
235120,30
235520,90
235960,20
236360,80
236760,10
237200,70
237600,10
238040,90
238680,0
239160,100
239560,20
240040,90
240520,20
240960,90
241320,20
241680,100
242000,30
242320,100
242640,20
243040,100
243480,10
243960,100
244440,0
244960,90
245440,10
245880,100
246280,20
246760,100
247120,30
247560,100
247920,30
248360,100
248720,30
248880,90
249080,0
249240,90
249400,10
249560,90
249840,0
250360,100
250680,0
250920,100
251080,0
251240,100
251440,0
251680,100
251840,0
252040,100
252280,0
252440,100
252600,0
252760,90
252960,0
253200,100
253440,10
253640,100
253880,0
254080,100
254360,0
254600,100
254880,0
255240,100
255440,40
255680,50
256080,10
256560,100
256720,80
257240,100
257560,10
257920,100
258080,50
258320,100
258560,0
258840,100
259080,80
259520,100
260080,20
260520,90
260880,20
261280,90
261640,10
262040,90
262400,10
262920,100
263440,30
263880,100
264440,100
265120,40
265640,100
265920,90
266120,100
267040,30
267880,90
268480,10
269080,100
269600,20
270240,100
270760,30
271800,100
272240,40
272760,100
273280,40
273600,100
274120,20
274600,100
274880,40
275280,100
275680,40
276080,100
276480,30
276840,100
277320,20
277680,40
277800,30
278360,100
278720,40
279040,100
279360,40
279640,100
279960,40
280280,100
280600,30
281000,100
281360,30
281680,100
282040,20
282440,100
282760,30
283160,100
283560,30
283840,100
284360,40
284520,80
284720,0
284920,100
285160,50
285280,90
285440,0
285640,100
285760,70
285880,90
286040,0
286200,100
286360,40
286520,100
286680,40
286840,100
287000,10
287160,100
287320,50
287480,60
287760,100
288200,40
288560,90
288840,70
289080,90
289680,50
290000,80
290480,40
290840,90
291080,30
291360,90
291720,30
292040,90
292360,30
292720,90
293120,30
293520,100
293840,30
294320,100
294640,40
295080,100
295480,40
295920,100
296320,30
296800,100
297320,30
297800,100
298160,20
298400,80
298680,10
298920,70
299120,30
299400,80
299640,20
299920,80
300240,40
300480,80
300720,30
301000,80
301280,30
301520,80
301800,20
302080,70
302320,30
302640,90
302960,20
303480,100
304040,20
304680,70
305520,90
306000,30
307000,100
307520,40
307880,100
308240,40
308520,100
308840,30
309160,100
309480,20
309800,100
310160,30
310520,90
310800,30
311160,100
311440,30
311920,100
312200,40
312520,100
312760,40
313040,100
313320,30
313600,100
313880,40
314200,90
314600,10
315160,90
315680,10
316360,100
316880,20
317560,100
318120,20
318800,100
319280,20
319640,100
319920,30
320280,100
320640,30
321040,100
321440,20
321800,100
322200,20
322560,100
322880,20
323240,90
323520,30
323960,100
324440,30
324920,100
325200,100
325680,20
326040,100
326400,20
326680,90
327080,20
327320,80
327640,10
327880,60
328160,10
328400,70
328680,20
329040,80
329280,30
329640,100
330400,100
330880,40
331280,100
331680,30
332000,90
332200,70
332360,50
332680,30
332840,20
333040,40
333280,10
333480,30
333600,20
334000,100
334280,40
334520,100
334880,20
335200,100
335520,40
335920,100
336280,30
336680,100
337040,20
337600,100
338520,100
338840,80
339080,100
339560,30
339960,100
341680,100
342160,40
342480,90
342800,30
343160,80
343480,30
343760,80
344040,20
344320,70
344560,10
344840,80
345160,10
345560,80
345920,20
346240,90
346600,20
346920,90
347200,10
347560,80
347880,10
348240,90
348600,20
348960,100
349280,30
349680,100
350040,30
350400,90
350720,30
351120,90
351400,40
351800,90
352080,40
352440,100
352800,30
353160,100
353440,40
353720,100
354040,30
354360,100
354640,20
355000,100
355320,20
355640,90
355960,20
356280,90
356640,10
357000,90
357320,10
357640,80
357920,20
358280,90
358600,20
358880,90
359160,20
359480,90
359760,10
360080,90
360400,0
360720,90
360960,0
361280,90
361560,0
361840,100
362120,0
362400,80
362640,0
362960,100
363280,10
363600,80
363920,0
364280,70
364600,0
365040,100
365400,0
365800,100
366160,0
366480,80
366840,0
367280,100
367560,30
368000,100
368320,20
368840,100
369280,20
369800,80
370040,90
370200,80
370560,10
370880,90
371160,10
371400,80
371720,0
371960,70
372240,0
372520,90
372800,0
373080,90
373320,20
373600,90
373920,20
374240,90
374560,0
374920,100
375280,0
375520,90
375880,10
376120,80
376400,0
376760,90
377080,0
377280,30
377560,0
377840,60
378080,0
378280,60
378520,0
378720,50
378960,0
379120,40
379360,0
379600,30
379840,0
380120,40
380360,20
380760,90
381200,10
381600,90
381920,20
382160,90
382600,20
382960,90
383440,10
383840,100
384240,0
384640,100
385040,10
385240,0
385720,100
386240,20
386760,0
387000,10
387200,0
387480,60
387760,0
387960,50
388200,0
388440,60
388680,10
388920,60
389200,0
389440,50
389680,20
390080,100
390840,100
398000,100
398720,30
399120,100
399480,50
399840,100
400200,40
400560,100
400920,50
401280,100
401600,40
401960,100
402320,50
402640,100
402960,60
403320,100
403680,60
404040,100
404400,50
404720,100
405040,50
405360,100
405720,60
406040,100
406400,40
406760,100
407080,60
407400,100
407720,30
408080,80
408440,20
408720,90
409080,30
409440,90
409760,30
410120,100
410480,40
410840,100
411200,50
411520,100
411840,50
412200,100
412560,60
412920,100
413200,50
413760,90
414200,20
414520,90
414920,20
415320,80
416000,0
416320,50
416640,10
416920,80
417200,10
417480,80
417760,0
418000,70
418240,0
418560,80
418800,10
419200,100
419480,0
419800,40
420200,10
420840,60
421040,10
421280,100
421680,30
422040,90
422440,20
422680,80
423000,0
423280,80
423560,0
423840,70
424080,0
424320,70
424640,0
424880,60
425160,0
425440,70
425720,0
426040,90
426320,0
426600,80
426880,0
427120,60
427360,0
427640,70
427840,10
428120,60
428400,0
428640,80
428880,0
429120,100
429400,0
429640,90
429880,0
430120,70
430360,10
430560,80
430800,0
431040,90
431280,0
431560,90
431760,40
432080,90
432400,30
432880,90
433280,0
433720,100
434200,0
434640,100
435200,50
435560,100
435960,30
436360,100
436800,20
437200,100
437600,20
437880,90
438200,30
438560,100
438880,20
439160,100
439480,10
439760,90
440120,10
440400,90
440720,0
441040,100
441360,10
441720,100
442040,20
442360,90
442720,20
443040,90
443400,20
443720,80
444000,10
444360,100
444720,20
445040,100
445360,30
445680,100
446000,30
446320,90
446640,20
446960,80
447280,20
447600,80
447960,20
448280,70
448560,10
448960,100
449360,30
449560,100
449760,100
450040,30
450400,100
450720,30
451040,100
451520,20
451800,70
452080,10
452400,100
452680,20
453000,90
453280,10
453640,90
453920,0
454240,80
454520,10
454800,80
455120,0
455440,80
455800,20
456200,70
456640,100
457160,20
457760,80
457880,70
458240,90
459120,10
459400,30
459640,10
459840,0
460040,10
460240,30
460480,10
460720,30
460920,60
461040,50
461320,90
461600,40
461880,90
462120,30
462360,80
462560,20
462800,90
463040,20
463240,80
463440,10
463680,70
463880,20
464120,70
464360,10
464680,90
465080,100
465640,20
466000,100
466360,30
466680,100
466960,30
467320,100
467680,30
468000,100
468360,40
468680,100
468960,40
469240,100
469480,30
469720,100
470040,30
470280,100
470560,30
470840,80
471160,10
471440,80
471680,10
471960,90
472280,0
472560,90
472920,0
473200,70
473480,10
473760,60
474120,0
474400,70
474720,10
475120,70
475440,0
475760,70
476120,0
476680,100
477160,30
477680,100
478160,20
478600,90
479120,30
480000,100
480600,40
481240,100
481720,30
482320,100
482840,30
483400,100
484240,20
484680,90
485120,10
485560,90
485960,20
486400,90
486840,30
487360,100
487840,10
488400,100
488800,20
489080,70
489360,10
489560,60
489800,10
490080,70
490400,10
490640,80
490960,10
491760,90
492160,60
492960,100
493440,40
494080,100
494320,0
494680,100
495000,40
495280,100
495680,30
495920,80
496160,20
496320,50
496560,10
496720,40
496920,10
497120,50
497280,20
497440,40
497600,10
497760,30
497960,0
498160,30
498320,0
498480,40
498640,0
498760,30
498920,0
499120,40
499280,10
499400,30
499520,10
499680,30
499840,0
500000,50
500160,0
500320,40
500480,20
500640,30
500800,10
501000,20
501120,30
501280,30
501400,20
501560,40
501720,50
501960,80
502400,0
502640,70
502920,0
503200,60
503400,0
503600,50
503920,0
504120,60
504360,0
504560,80
504760,0
505000,80
505240,0
505440,80
505640,0
505880,70
506080,0
506280,100
506520,0
506720,60
506920,0
507120,70
507320,0
507520,60
507720,0
507920,70
508120,0
508320,60
508480,0
508680,70
508840,10
509040,80
509680,0
510480,100
510880,70
511040,100
511600,0
511920,20
512600,100
513560,20
514360,80
514560,10
514800,70
515040,0
515240,50
515480,0
515680,60
515960,0
516160,70
516440,0
516640,50
516880,0
517120,40
517360,0
517600,30
517800,0
518000,40
518200,0
518440,40
518640,0
518840,40
519040,0
519240,40
519480,0
519720,30
519920,0
520080,40
520320,0
520560,50
520720,0
520920,50
521200,0
521440,60
521640,0
521880,40
522080,0
522280,20
522520,0
522680,20
522880,0
523120,20
523480,0
523720,20
523880,0
524040,30
524160,40
524280,30
524440,40
524880,0
525600,60
526160,0
526760,90
527240,0
527760,100
528240,0
528760,100
529280,0
529680,100
530080,0
530440,60
530720,0
531080,70
531440,30
531680,100
532000,50
532800,80
533040,60
533360,70
533680,50
534000,60
534520,50
534840,60
535000,50
535720,90
535920,0
536280,100
536520,0
536760,90
537040,0
537320,100
537680,0
538000,100
538320,0
538560,90
538840,0
539120,100
539360,0
539600,100
539840,0
540080,100
540240,0
540560,90
540880,0
541240,100
541680,20
541920,0
542560,20
543080,100
543480,0
544240,100
545120,0
545400,50
546040,20
546440,40
546880,10
547240,0
547400,80
547800,0
548200,70
548320,50
548440,60
548560,40
548680,50
548800,30
548960,40
549080,50
549240,40
549400,30
549720,80
550120,60
550640,100
550880,80
551160,100
552120,20
552480,40
553080,20
553360,50
553720,20
554320,100
554720,80
555280,100
1062360,100
1063360,100
1063920,0
1064600,30
1065120,0
1065640,30
1066000,80
1067000,0
1067560,30
1068400,60
1069080,90
1069400,100
1069720,50
1070720,100
1071320,60
1072000,90
1072480,100
1072920,40
1073680,90
1074000,100
1074480,60
1075040,90
1075320,100
1075760,50
1076720,100
1077160,50
1077960,100
1078440,50
1079360,100
1079760,50
1080520,90
1080840,100
1081320,90
1081480,100
1082200,80
1082360,100
1084640,100
1085200,90
1085520,100
1086080,30
1087080,100
1087400,70
1087840,90
1088160,100
1088680,60
1089600,100
1090000,50
1090640,100
1091080,40
1091760,100
1092160,40
1092680,100
1093080,40
1093600,100
1094000,40
1094560,100
1094840,50
1095320,100
1095640,40
1096040,90
1096240,100
1096840,20
1097200,50
1097560,70
1098480,100
1098960,80
1099480,70
1100160,100
1100480,90
1100840,100
1101320,30
1101800,60
1102080,70
1102360,100
1102840,40
1103400,100
1103760,40
1104200,100
1104600,30
1105400,100
1105960,30
1106200,90
1106520,20
1107080,100
1107400,20
1107960,100
1108320,20
1108720,100
1109160,10
1109520,100
1109800,10
1110120,100
1110400,20
1110720,100
1111000,10
1111280,100
1111560,20
1111800,100
1112080,10
1112360,100
1112640,10
1112920,100
1113120,0
1113400,100
1113640,0
1113880,100
1114160,0
1114680,50
1115040,70
1115680,90
1116360,100
1120000,40
1120640,100
1122400,100
1122800,50
1123480,100
1123840,40
1124600,100
1125000,40
1125600,100
1125960,50
1126400,100
1126640,40
1127160,100
1127480,40
1128000,100
1128280,40
1128720,100
1129040,30
1129360,100
1129760,30
1130120,100
1130480,30
1131240,100
1132880,100
1133440,30
1133960,80
1134280,90
1134680,100
1134960,50
1135680,100
1136440,100
1136840,20
1137280,100
1137680,90
1138680,0
1139400,100
1140360,70
1140720,100
1143440,100
1143720,70
1144280,90
1145080,60
1145440,40
1145840,50
1146320,100
1153400,40
1154000,100
1154720,30
1155120,0
1156120,60
1156520,100
1156960,60
1157720,100
1158120,40
1158800,100
1159120,30
1159560,100
1159880,30
1160360,100
1160640,40
1160920,100
1161240,30
1161440,90
1161680,30
1161920,100
1162120,20
1162360,90
1162560,20
1162760,90
1162960,30
1163200,100
1163400,20
1163640,100
1163840,20
1164040,100
1164240,20
1164480,100
1164680,20
1164880,90
1165080,10
1165280,90
1165480,10
1165720,100
1165920,10
1166120,90
1166320,10
1166560,100
1166720,20
1166920,90
1167160,10
1167360,80
1167600,10
1167800,90
1168040,10
1168240,90
1168480,10
1168680,70
1168880,0
1169080,80
1169280,0
1169480,80
1169680,10
1169880,70
1170080,0
1170280,70
1170520,0
1170720,90
1170920,10
1171120,80
1171320,0
1171520,80
1171720,0
1171920,70
1172120,10
1172360,80
1172560,0
1172760,80
1173000,0
1173200,90
1173440,10
1173600,60
1173720,70
1173920,10
1174040,0
1174160,10
1174280,0
1174440,10
1174920,100
1176800,70
1177040,100
1180520,20
1180800,10
1181800,80
1182000,100
1182240,60
1182800,90
1183000,100
1183400,40
1184240,100
1184720,60
1185480,100
1187080,20
1187240,10
1188080,90
1188600,50
1189240,100
1190720,10
1191720,100
1192480,90
1192680,100
1193040,40
1193360,70
1193640,80
1193840,100
1194240,30
1195040,100
1195360,40
1196000,100
1196840,60
1197360,90
1197480,70
1197600,90
1197720,70
1197840,90
1197960,70
1198080,90
1198200,70
1198320,90
1198520,70
1198640,90
1198760,70
1198880,90
1199000,70
1199120,90
1199240,70
1199360,90
1200560,20
1200720,10
1201280,70
1203080,100
1203520,50
1204120,100
1204400,30
1204920,100
1205200,30
1205520,100
1205800,20
1206080,100
1206320,30
1206600,100
1206880,30
1207080,100
1207320,20
1207560,90
1207760,20
1207960,80
1208160,20
1208360,80
1208560,10
1208760,80
1208960,10
1209160,70
1209360,10
1209560,80
1209760,10
1209920,60
1210120,0
1210320,70
1210520,10
1210720,60
1210880,10
1211000,20
1211240,0
1211480,10
1211720,0
1211960,10
1212120,0
1212280,10
1212440,20
1213160,100
1215480,70
1215880,100
1218200,100
1218440,50
1219200,100
1219600,30
1219920,100
1220200,20
1220440,100
1220640,20
1220880,100
1221080,30
1221280,100
1221480,20
1221680,100
1221920,10
1222120,80
1222320,0
1222560,70
1222720,0
1222960,80
1223200,10
1223400,20
1223520,30
1224440,100
1265280,100
1266280,0
1266960,70
1267560,30
1267760,20
1268280,40
1269080,0
1269360,100
1269480,80
1269680,100
1270000,70
1270200,100
1270440,70
1273040,100
1274160,100
1274720,80
1275480,100
1275840,80
1276240,100
1276680,70
1277000,100
1277280,70
1277720,100
1278520,50
1278680,60
1279640,20
1280320,100
1281320,30
1281920,40
1282280,10
1282800,30
1283080,0
1283520,60
1283960,0
1284840,50
1285120,0
1285360,40
1285560,0
1286000,40
1286640,0
1286920,40
1287240,0
1287520,50
1287800,0
1288040,30
1288280,0
1288520,40
1288800,0
1289040,40
1289320,0
1289560,30
1289840,0
1290080,40
1290320,0
1290600,50
1290840,0
1291080,40
1291360,0
1291600,40
1291840,0
1292080,40
1292320,0
1292560,50
1292760,0
1293000,50
1293240,0
1293480,50
1293760,0
1294000,50
1294240,0
1294480,60
1294720,0
1294960,60
1295240,0
1295440,50
1295680,0
1295920,40
1296160,0
1296400,30
1296640,0
1296840,50
1297080,0
1297280,40
1297560,0
1297800,40
1298040,0
1298280,50
1298480,0
1298680,40
1298880,0
1299120,40
1299360,0
1299560,50
1299760,0
1299960,40
1300240,0
1300440,50
1300640,0
1300840,50
1301080,0
1301280,30
1301480,0
1301680,40
1301840,0
1302040,50
1302200,0
1302360,60
1302560,0
1302720,70
1302920,0
1303120,70
1303280,0
1303480,70
1303640,0
1303880,40
1304120,0
1304360,50
1304560,0
1304800,50
1305000,0
1305240,50
1305440,0
1305640,40
1305840,0
1306080,30
1306320,0
1306520,50
1306760,0
1307040,60
1307280,0
1307440,40
1307680,0
1307920,40
1308160,0
1308360,30
1308640,0
1308880,60
1309120,0
1309280,40
1309520,0
1309720,50
1310000,0
1310200,50
1310480,0
1310680,60
1310920,0
1311160,40
1311400,0
1311720,30
1311960,0
1312760,80
1313400,0
1314040,90
1314720,0
1315480,90
1316080,0
1316560,60
1317080,0
1317720,90
1318360,0
1318640,40
1319160,0
1319520,70
1319920,0
1320240,80
1320600,0
1320880,50
1321160,0
1321400,50
1321680,0
1321960,40
1322200,0
1322400,50
1322640,0
1322840,50
1323080,0
1323280,60
1323480,0
1323680,50
1323880,0
1324080,60
1324280,0
1324480,50
1324680,0
1324880,30
1325080,0
1325240,30
1325440,0
1325640,40
1325880,0
1326080,50
1326320,0
1326480,30
1326680,0
1326880,40
1327120,0
1327320,40
1327520,0
1327720,30
1327920,0
1328120,30
1328320,0
1328520,30
1328720,0
1328880,40
1329120,0
1329280,40
1329480,0
1329680,40
1329960,0
1330120,30
1330360,0
1330560,40
1330760,0
1330960,50
1331160,0
1331320,50
1331560,0
1331720,30
1331960,0
1332160,30
1332400,0
1332600,40
1332840,0
1333040,40
1333240,0
1333440,30
1333680,0
1333880,40
1334120,0
1334280,30
1334560,0
1334720,30
1334960,0
1335200,40
1335440,0
1335640,30
1335840,0
1336040,50
1336280,0
1336480,50
1336720,0
1336880,30
1337120,0
1337320,30
1337560,0
1337800,40
1338000,0
1338240,50
1338440,0
1338640,50
1338840,0
1339120,70
1339320,0
1339520,70
1339720,0
1339920,60
1340160,0
1340320,70
1340560,0
1340760,70
1341000,0
1341160,50
1341400,0
1341560,60
1341800,0
1342000,70
1342200,0
1342400,80
1342640,0
1342840,80
1343080,0
1343280,70
1343480,0
1343720,80
1343880,0
1344120,70
1344360,0
1344560,80
1344760,0
1345000,80
1345200,0
1345400,70
1345640,0
1345880,80
1346080,0
1346320,70
1346520,0
1346760,70
1347040,0
1347240,60
1347440,0
1347640,50
1347880,0
1348040,60
1348280,0
1348480,40
1348720,0
1348920,50
1349160,0
1349360,40
1349560,0
1349760,30
1350040,0
1350240,30
1350640,0
1350800,10
1351200,40
1351600,0
1351960,20
1352680,0
1353600,10
1353840,0
1354440,10
1355400,0
1356280,10
1356920,20
1357400,0
1357880,40
1358800,0
1359040,10
1360000,30
1360320,0
1360480,10
1361160,40
1361600,0
1362280,70
1362760,0
1363160,90
1363680,0
1364120,60
1364600,0
1365040,70
1365440,0
1365800,70
1366200,0
1366520,60
1366840,0
1367080,30
1367400,0
1367640,30
1367920,0
1368120,40
1368400,0
1368680,80
1369040,0
1369280,80
1369560,0
1369800,70
1370040,0
1370280,70
1370520,0
1370760,60
1371000,0
1371240,60
1371480,0
1371720,50
1371920,0
1372160,30
1372360,0
1372560,40
1372840,0
1373040,50
1373240,0
1373480,40
1373720,0
1373920,50
1374160,0
1374360,30
1374600,0
1374840,20
1375040,0
1375280,30
1375480,0
1375720,30
1375920,0
1376160,40
1376400,0
1376640,60
1376880,0
1377080,50
1377320,0
1377560,30
1377760,0
1377960,30
1378200,0
1378440,40
1378640,0
1378880,50
1379040,0
1379320,50
1379520,0
1379760,50
1379960,0
1380160,40
1380400,0
1380600,30
1380840,0
1381080,40
1381280,0
1381520,40
1381720,0
1381960,30
1382160,0
1382400,20
1382600,0
1382840,30
1383040,0
1383280,20
1383520,0
1383760,30
1383960,0
1384200,40
1384400,0
1384640,40
1384880,0
1385080,30
1385280,0
1385520,50
1385760,0
1386000,40
1386200,0
1386440,40
1386640,0
1386880,30
1387080,0
1387360,50
1387560,0
1387760,40
1387960,0
1388200,40
1388400,0
1388640,50
1388840,0
1389080,40
1389280,0
1389520,40
1389760,0
1389960,30
1390200,0
1390480,30
1390680,0
1390920,40
1391160,0
1391360,30
1391560,0
1391800,20
1392040,0
1392240,30
1392520,0
1393160,90
1393600,0
1394080,90
1394640,0
1395120,90
1395640,0
1396120,90
1396640,0
1397080,80
1397520,0
1397960,80
1398400,0
1398800,90
1399160,0
1399600,70
1400200,0
1400640,60
1401120,0
1401480,70
1401840,0
1402120,60
1402440,0
1402680,50
1402920,0
1403200,40
1403480,0
1403720,40
1403920,0
1404200,50
1404400,0
1404640,50
1404840,0
1405120,60
1405320,0
1405520,60
1405760,0
1406000,60
1406200,0
1406400,50
1406640,0
1406840,40
1407120,0
1407520,50
1408240,0
1408520,20
1409120,0
1410000,40
1410400,0
1410560,30
1410960,0
1411200,30
1411800,0
1412200,40
1412560,0
1412840,50
1413120,0
1413480,40
1413760,0
1414000,40
1414280,0
1414520,70
1414760,0
1415000,60
1415240,0
1415440,70
1415720,0
1415960,50
1416200,0
1416400,30
1416640,0
1416880,50
1417080,0
1417280,50
1417520,0
1417760,40
1418000,0
1418200,30
1418400,0
1418600,40
1418840,0
1419080,40
1419320,0
1419520,60
1419760,0
1419960,30
1420200,0
1420400,20
1420600,0
1420840,40
1421040,0
1421240,40
1421480,0
1421680,30
1421920,0
1422080,30
1422320,0
1422520,40
1422720,0
1422920,40
1423120,0
1423320,50
1423520,0
1423680,50
1423920,0
1424080,60
1424320,0
1424520,60
1424760,0
1424920,50
1425120,0
1425320,60
1425520,0
1425720,70
1425920,0
1426120,70
1426320,0
1426520,70
1426720,0
1426920,80
1427120,0
1427320,70
1427480,0
1427680,80
1427840,0
1428040,70
1428200,0
1428320,30
1428480,0
1428640,50
1428800,0
1428920,40
1429080,0
1429240,50
1429400,0
1429560,50
1429680,10
1429840,40
1430040,0
1430200,50
1430320,10
1430480,50
1430640,0
1430800,40
1430960,0
1431120,50
1431280,0
1431440,50
1431600,0
1431760,60
1431920,0
1432080,70
1432280,0
1432440,50
1432600,0
1432760,40
1432880,0
1433040,50
1433240,0
1433400,50
1433560,0
1433720,50
1433880,0
1434000,40
1434160,0
1434320,50
1434520,0
1434640,30
1434760,0
1434920,40
1435080,0
1435280,50
1435440,0
1435600,40
1435800,0
1435920,30
1436120,0
1436280,40
1436440,0
1436640,40
1436800,0
1436960,30
1437120,0
1437280,40
1437480,0
1437640,50
1437840,0
1438000,50
1438160,0
1438320,50
1438480,0
1438680,60
1438840,0
1439000,60
1439200,0
1439360,50
1439520,0
1439680,60
1439880,0
1440040,50
1440200,0
1440400,60
1440560,0
1440720,60
1440880,0
1441040,60
1441200,0
1441360,60
1441520,0
1441720,70
1441920,0
1442080,50
1442280,0
1442440,40
1442600,0
1442760,30
1442920,0
1443080,20
1443240,0
1443400,10
1444040,20
1444320,50
1444960,0
1445280,10
1445720,70
1446280,0
1446760,90
1447560,0
1447960,30
1448160,20
1448560,0
1449080,70
1449280,80
1449800,0
1450520,100
1451280,0
1452040,90
1452720,0
1453520,100
1454240,0
1454920,90
1455600,0
1456040,60
1456560,0
1457280,90
1457840,0
1458440,80
1459200,0
1459680,90
1460200,0
1460720,70
1461240,0
1461760,80
1462240,0
1462640,80
1463160,0
1463520,50
1463880,0
1464240,40
1464560,0
1464840,30
1465080,0
1465400,20
1465680,0
1465920,20
1466200,0
1466440,20
1466680,0
1466920,40
1467160,0
1467360,40
1467560,0
1467800,40
1468000,0
1468240,40
1468440,0
1468640,40
1468880,0
1469080,50
1469280,0
1469480,50
1469680,0
1469880,50
1470080,0
1470320,40
1470520,0
1470680,30
1470920,0
1471120,30
1471320,0
1471520,40
1471720,0
1471920,60
1472120,0
1472320,50
1472520,0
1472720,50
1472880,0
1473120,50
1473280,0
1473480,40
1473640,0
1473840,30
1474040,0
1474240,40
1474400,0
1474640,50
1474800,0
1475000,50
1475200,0
1475360,30
1475560,0
1475720,30
1475920,0
1476120,40
1476320,0
1476480,40
1476640,0
1476800,30
1477000,0
1477200,30
1477400,0
1477560,30
1477760,0
1477920,20
1478080,0
1478280,40
1478440,0
1478600,30
1478760,0
1478960,40
1479120,0
1479320,40
1479480,0
1479640,60
1479800,0
1479960,50
1480120,0
1480320,50
1480480,0
1480640,40
1480800,0
1480960,40
1481120,0
1481320,30
1481480,0
1481640,30
1481800,0
1482000,30
1482200,0
1482360,30
1482560,0
1482760,20
1483040,0
1483360,70
1483840,0
1484200,50
1484720,0
1485160,60
1485560,0
1486040,70
1486480,0
1486840,70
1487320,0
1487680,80
1488120,0
1488440,90
1488920,0
1489920,100
1541320,100
1541680,100
1542000,70
1542520,100
1543160,90
1543920,80
1544160,70
1544720,30
1545560,100
1550720,100
1551600,90
1552080,80
1553000,30
1553600,100
1554560,100
1555560,20
1556280,100
1556960,100
1557680,10
1558480,100
1558720,100
1559480,10
1560160,100
1560480,100
1561200,10
1562040,100
1562960,10
1563720,100
1564040,100
1564840,10
1565240,80
1565680,0
1566080,80
1566600,0
1566960,80
1567360,0
1567720,70
1568080,10
1568400,80
1568760,0
1569080,80
1569520,0
1570040,80
1570720,0
1571080,80
1571440,0
1571760,90
1572120,0
1572440,50
1572720,0
1573000,30
1573280,0
1573600,50
1573880,0
1574160,70
1574440,0
1574720,70
1574960,0
1575400,80
1575720,0
1576120,90
1576560,0
1576960,80
1577280,0
1577440,70
1577880,0
1578040,70
1578400,0
1578560,60
1578840,0
1579040,60
1579280,0
1579480,70
1579680,0
1579880,80
1580080,0
1580320,80
1580480,0
1580680,50
1580880,0
1581080,60
1581240,0
1581440,50
1581640,0
1581840,70
1582000,0
1582200,60
1582360,0
1582600,70
1582760,0
1583000,70
1583160,0
1583360,60
1583560,0
1583760,60
1584000,0
1584200,50
1584360,0
1584560,70
1584800,0
1585000,40
1585240,0
1585440,50
1585640,0
1585840,60
1586440,0
1586640,70
1586920,0
1587080,60
1587360,0
1587560,70
1587800,0
1588000,70
1588240,0
1588440,80
1588680,0
1588880,70
1589120,0
1589360,70
1589600,0
1589840,80
1590040,0
1590280,70
1590520,0
1590760,70
1590960,0
1591200,70
1591400,0
1591640,70
1591840,0
1592040,80
1592240,0
1592480,70
1592720,0
1592920,70
1593120,0
1593320,80
1593560,0
1593760,80
1594000,0
1594200,80
1594400,0
1594640,80
1594840,0
1595080,70
1595280,0
1595480,80
1595720,0
1595920,70
1596160,0
1596360,70
1596560,0
1596720,50
1596920,0
1597080,60
1597320,0
1597520,50
1597760,0
1597960,60
1598200,0
1598400,50
1598640,0
1598840,50
1599040,0
1599280,60
1599480,0
1599680,70
1599920,0
1600120,70
1600360,0
1600560,60
1600840,0
1601000,50
1601200,0
1601440,70
1601680,0
1601840,50
1602080,0
1602320,60
1602600,0
1602760,50
1603000,0
1603200,60
1603480,0
1603680,60
1603880,0
1604080,70
1604320,0
1604600,80
1604840,0
1605040,70
1605320,0
1605480,50
1605720,0
1605920,60
1606160,0
1606360,70
1606600,0
1606760,60
1607000,0
1607160,70
1607360,0
1607560,80
1607800,0
1608000,80
1608240,0
1608440,70
1608640,0
1608840,80
1609080,0
1609240,60
1609480,0
1609680,70
1609920,0
1610120,80
1610320,0
1610520,70
1610720,0
1610920,70
1611160,0
1611360,60
1611560,0
1611760,70
1612000,0
1612160,70
1612400,0
1612600,60
1612800,0
1612960,70
1613240,0
1613440,60
1613640,0
1613800,60
1614080,0
1614240,60
1614520,0
1614680,70
1614960,0
1615120,60
1615360,0
1615600,70
1615840,0
1616120,70
1616400,0
1616680,70
1617000,0
1617760,80
1618200,0
1618760,90
1619200,0
1619760,80
1620120,0
1620440,70
1620800,0
1621120,70
1621440,0
1621720,50
1621960,0
1622200,60
1622480,0
1622720,50
1622960,0
1623160,70
1623400,0
1623600,70
1623840,10
1624040,70
1624280,0
1624520,70
1624760,0
1625000,60
1625200,0
1625400,60
1625640,0
1625920,90
1626280,0
1626680,90
1627040,0
1627400,90
1627720,0
1628080,90
1628400,0
1628720,90
1629040,0
1629360,90
1629680,0
1630000,90
1630280,0
1630640,90
1630960,0
1631280,90
1631560,0
1631880,80
1632200,0
1632520,90
1632840,0
1633160,80
1633800,0
1634080,70
1634400,0
1634680,70
1634920,0
1635200,70
1635560,30
1636160,10
1636400,30
1636840,80
1637080,0
1637280,70
1637520,0
1637840,70
1638160,0
1638400,60
1638680,0
1638920,80
1639240,0
1639400,60
1639720,0
1639920,70
1640200,0
1640360,70
1640640,0
1640880,60
1641120,0
1641400,60
1641680,0
1641880,50
1642120,0
1642320,40
1642560,0
1642800,60
1643080,0
1643240,50
1643520,0
1643720,60
1643960,0
1644200,50
1644440,0
1644640,70
1644920,0
1645120,60
1645360,0
1645560,70
1645760,0
1645960,70
1646160,0
1646320,60
1646520,0
1646680,60
1646880,0
1647040,50
1647240,0
1647400,60
1647600,0
1647800,70
1648000,0
1648160,70
1648360,0
1648520,60
1648680,0
1648840,60
1649040,0
1649200,70
1649400,0
1649560,60
1649760,0
1649920,70
1650120,0
1650280,70
1650480,0
1650640,50
1650800,0
1651000,70
1651200,0
1651360,60
1651560,0
1651720,60
1651880,0
1652040,50
1652240,0
1652440,60
1652640,0
1652800,70
1653000,0
1653160,60
1653360,0
1653560,60
1653760,0
1653960,60
1654160,0
1654320,50
1654520,0
1654680,60
1654920,0
1655080,50
1655280,0
1655480,70
1655680,0
1655840,60
1656040,0
1656240,60
1656440,0
1656600,50
1656800,0
1656960,60
1657200,0
1657360,60
1657560,0
1657760,70
1657960,0
1658120,70
1658320,0
1658480,60
1658680,0
1658840,50
1659040,0
1659240,60
1659400,0
1659560,60
1659760,0
1659960,50
1660120,0
1660320,60
1660520,0
1660680,60
1660880,0
1661040,60
1661240,0
1661400,70
1661560,0
1661760,60
1661920,0
1662080,70
1662240,0
1662440,60
1662600,0
1662760,70
1662920,0
1663120,60
1663280,0
1663480,70
1663680,0
1663840,60
1664000,0
1664160,60
1664320,0
1664520,70
1664680,0
1664840,70
1665000,0
1665160,60
1665320,0
1665480,60
1665680,0
1665840,50
1666000,0
1666160,50
1666320,0
1666480,60
1666640,0
1666800,50
1666960,0
1667120,60
1667280,0
1667440,50
1667640,0
1667800,60
1667960,0
1668120,60
1668320,0
1668480,60
1668680,0
1668840,50
1669000,0
1669160,60
1669360,0
1669520,60
1669720,0
1669880,50
1670080,0
1670240,50
1670400,0
1670560,60
1670720,0
1670880,50
1671080,0
1671240,60
1671400,0
1671600,70
1671760,0
1671920,50
1672120,0
1672280,60
1672480,0
1672640,50
1672800,0
1673000,60
1673160,0
1673320,60
1673520,0
1673720,70
1673880,0
1674040,60
1674240,0
1674440,70
1674600,0
1674800,70
1674960,0
1675200,80
1675400,0
1675920,80
1676320,0
1677240,90
1678120,0
1678560,90
1679000,0
1679360,100
1679760,0
1680080,90
1680440,0
1680720,80
1681040,0
1681320,70
1681600,0
1681840,60
1682120,0
1682360,40
1682600,0
1682880,60
1683160,0
1683360,60
1683640,0
1683880,70
1684160,0
1684440,70
1684680,0
1684920,70
1685200,0
1685480,70
1685800,0
1686040,80
1686400,0
1686640,70
1686920,0
1687200,80
1687480,0
1687760,80
1688040,0
1688280,50
1688520,0
1688800,70
1689120,0
1689400,80
1689680,0
1689880,60
1690200,0
1690400,60
1690680,0
1690920,40
1691200,0
1691440,80
1691760,0
1692040,80
1692320,0
1692560,80
1692920,0
1693320,80
1693680,0
1693920,70
1694280,0
1694600,60
1694920,0
1695280,80
1695640,0
1696000,80
1696360,0
1696720,80
1697040,0
1697320,70
1697640,0
1697920,80
1698280,0
1698560,80
1698880,0
1699200,60
1699440,0
1699720,60
1699960,0
1700200,80
1700480,0
1700760,80
1701080,0
1701360,70
1701680,0
1701920,60
1702240,0
1702600,90
1702960,0
1703240,80
1703560,0
1703840,100
1704120,0
1704400,100
1704680,0
1704920,90
1705200,0
1705440,80
1705720,0
1705960,80
1706200,0
1706520,80
1706760,0
1707040,70
1707280,0
1707560,70
1707800,0
1708040,60
1708280,0
1708560,80
1708800,0
1709040,70
1709320,0
1709520,70
1709760,0
1710040,80
1710280,0
1710520,70
1710760,0
1711000,70
1711320,0
1711560,70
1711840,0
1712160,80
1712480,0
1712680,80
1712880,0
1713040,60
1713200,0
1713360,60
1713520,0
1713680,60
1713840,0
1714000,60
1714160,0
1714320,50
1714480,0
1714640,50
1714800,0
1714960,60
1715120,0
1715280,60
1715440,0
1715600,60
1715760,0
1715920,60
1716080,0
1716240,60
1716400,0
1716560,60
1716720,0
1716880,60
1717040,0
1717200,60
1717360,0
1717640,70
1717920,0
1718080,50
1718280,0
1718440,60
1718600,0
1718760,50
1718920,0
1719080,50
1719240,0
1719400,50
1719600,0
1719760,60
1720000,0
1720160,50
1720360,0
1720520,60
1720720,0
1720880,50
1721040,0
1721240,60
1721400,0
1721600,60
1721800,0
1721960,60
1722120,0
1722280,50
1722440,0
1722640,70
1722840,0
1723040,70
1723240,0
1723400,60
1723600,0
1723760,70
1723920,0
1724080,70
1724240,0
1724400,60
1724560,0
1724720,60
1724880,0
1725040,60
1725200,0
1725360,50
1725520,0
1725680,60
1725800,10
1725960,50
1726120,0
1726280,60
1726440,0
1726600,60
1726760,0
1726920,60
1727080,0
1727240,50
1727400,0
1727520,50
1727680,0
1727840,50
1728000,0
1728120,30
1728280,0
1728440,50
1728600,0
1728760,50
1728920,0
1729080,40
1729240,0
1729400,50
1729520,10
1729680,50
1729840,0
1730000,40
1730120,10
1730280,50
1730440,0
1730600,60
1730760,0
1730920,60
1731080,0
1731240,50
1731400,0
1731560,50
1731720,0
1731880,60
1732040,0
1732200,50
1732320,10
1732480,50
1732640,0
1732800,50
1732960,0
1733120,50
1733280,0
1733440,60
1733560,10
1733720,50
1733880,0
1734040,60
1734200,0
1734360,50
1734520,0
1734680,50
1734840,0
1735000,50
1735160,0
1735320,60
1735480,0
1735640,50
1735760,10
1735920,50
1736080,0
1736240,50
1736360,10
1736520,50
1736680,0
1736800,50
1736960,0
1737120,50
1737280,0
1737440,50
1737600,0
1737760,50
1737960,0
1738120,60
1738280,0
1738440,40
1738600,0
1738760,50
1738920,0
1739080,60
1739280,0
1739440,50
1739600,0
1739760,60
1739920,20
1740080,50
1740520,0
1741000,90
1741200,0
1741400,30
1742400,100
1742680,90
1742840,0
1743840,100
1744000,90
1744240,0
1744400,30
1745280,100
1745560,90
1745720,0
1746360,100
1747000,50
1747760,100
1748200,30
1748920,100
1749360,40
1749760,100
1750760,0
1751760,100
1752760,0
1753760,100
1754760,0
1755760,100
1756760,0
1757760,100
1758760,0
1759720,0
1760440,80
1760800,0
1761320,80
1761600,0
1761920,70
1762240,0
1762840,90
1763160,100
1763560,0
1763840,90
1764080,0
1764320,100
1764560,0
1764760,90
1764960,0
1765160,80
1765360,0
1765600,90
1765760,0
1766040,90
1766240,0
1766480,80
1766680,0
1766880,70
1767080,0
1767440,90
1767760,0
1768760,100
1769760,0
1770760,100
1771760,0
1772760,100
1773760,0
1774760,100
1775760,0
1776760,100
1777760,0
1778760,100
1779760,0
1780760,100
1781760,0
1782760,100
1783760,0
1784760,100
1785760,0
1786760,100
2165720,100
2166760,100
2167640,100
2168520,40
2169480,70
2170000,100
2173080,20
2174040,100
2174600,60
2175560,100
2176320,50
2177320,100
2177880,40
2178440,90
2179000,100
2179400,40
2180400,100
2180920,30
2181760,100
2182560,30
2183560,100
2183880,100
2184200,30
2185080,90
2185600,100
2186080,90
2187400,100
2188000,20
2188520,50
2188760,60
2189440,100
2190440,10
2190600,20
2191440,90
2192400,20
2193120,70
2193600,100
2195680,30
2196400,70
2196680,100
2197080,40
2197960,80
2198280,100
2198880,40
2199800,100
2200280,40
2201080,100
2201680,30
2202680,100
2203160,30
2203960,100
2204480,20
2205360,100
2205800,20
2206760,70
2207080,100
2207760,80
2208280,100
2210840,100
2211560,90
2212200,90
2212560,80
2214360,80
2214960,100
2217800,100
2218240,70
2219040,100
2219880,100
2220480,60
2221480,100
2221760,90
2222000,100
2222640,100
2223200,90
2223480,80
2223800,90
2223960,80
2224120,90
2224240,80
2224400,100
2225000,90
2225360,70
2225680,60
2226000,100
2226520,40
2227480,100
2227840,30
2228800,100
2229360,80
2229920,90
2230920,100
2231320,90
2231640,90
2232200,100
2233200,0
2234200,100
2235200,0
2236200,100
2237200,0
2238200,100
2239200,0
2240200,100
2241200,0
2242200,100
2243200,0
2244200,100
2245200,0
2246200,100
2247200,0
2248200,100
2249200,20
2250200,90
2250480,100
2250840,50
2251760,100
2252120,40
2253080,100
2253600,30
2254600,100
2255600,0
2256600,100
2257600,0
2258600,100
2259600,0
2260600,100
2261080,50
2261560,100
2262040,40
2262520,100
2263520,0
2264520,100
2265520,0
2266200,30
2266760,0
2267760,100
2268400,100
2268720,20
2268960,70
2269280,0
2269680,80
2270080,0
2270520,80
2270920,0
2271320,90
2271720,0
2272160,90
2272560,0
2273000,90
2273480,0
2273840,90
2274240,0
2274640,90
2275040,0
2275520,90
2275800,0
2276200,90
2276520,0
2276720,10
2277200,100
2277560,0
2277960,90
2278440,80
2278960,70
2279640,50
2280400,100
2281120,20
2282000,90
2282600,40
2283360,100
2284360,10
2284600,0
2284920,20
2285200,10
2285400,0
2285640,10
2285880,0
2286040,10
2286840,80
2287560,100
2289880,20
2290480,0
2291120,20
2291440,30
2292120,60
2292440,80
2292600,100
2292960,30
2293720,100
2296000,40
2296200,80
2298800,80
2298960,100
2299280,40
2299960,100
2300320,40
2300960,100
2301400,40
2302160,100
2302560,50
2303440,80
2303760,90
2303880,100
2305360,100
2305680,30
2306240,100
2306680,30
2307440,90
2307760,100
2308120,40
2309120,100
2309720,40
2310480,90
2310760,100
2311080,30
2311760,100
2312400,100
2312760,30
2313480,100
2313880,40
2314600,100
2315120,30
2315760,100
2316200,30
2316800,100
2317240,40
2317840,100
2318160,40
2318560,100
2319000,30
2319600,100
2319960,30
2320400,100
2320760,30
2321600,100
2322040,40
2322520,100
2356200,100
2357080,20
2357440,90
2358520,20
2358960,90
2359240,100
2359720,50
2360600,100
2361000,30
2361840,100
2362440,30
2363320,100
2364480,30
2364960,100
2365400,100
2365680,40
2366680,100
2367120,40
2367840,100
2368120,30
2368880,100
2369240,30
2369960,100
2370280,30
2371080,100
2371440,40
2372080,100
2376400,0
2376880,40
2377240,100
2377680,40
2378320,100
2378920,40
2379240,50
2379480,30
2380000,90
2380480,40
2381040,90
2381680,20
2382000,90
2382320,20
2382600,90
2382960,30
2383280,100
2383600,40
2383880,100
2384200,30
2384520,100
2384760,30
2385080,90
2385400,30
2385680,100
2385960,30
2386200,90
2386440,30
2386640,90
2386880,40
2387120,100
2387400,30
2387600,80
2387840,30
2388000,60
2388440,10
2388600,20
2388840,0
2389240,10
2389400,0
2389720,20
2390200,0
2390520,10
2390720,0
2390960,20
2391840,100
2392240,30
2392800,100
2393280,40
2393920,100
2394240,10
2394560,60
2394760,0
2395120,80
2395400,0
2395760,90
2396080,0
2396440,90
2396760,0
2397080,100
2397360,20
2397560,30
2398080,0
2398640,10
2406000,0
2406360,60
2406760,0
2407240,70
2407600,0
2407960,90
2408280,0
2408720,90
2409280,100
2409880,30
2410400,70
2410920,100
2412160,100
2412560,50
2413400,100
2413760,40
2414400,100
2414880,30
2415520,100
2416040,100
2416400,30
2417160,100
2418960,100
2419280,60
2419920,100
2420320,50
2421160,100
2421520,40
2422200,100
2422560,50
2423080,100
2423520,40
2423920,100
2424200,30
2424440,100
2424720,20
2425000,100
2425240,10
2425440,90
2425680,10
2425920,90
2426120,10
2426360,90
2426560,10
2426800,90
2427040,10
2427240,90
2427480,20
2427680,100
2427920,20
2428120,90
2428320,20
2428600,90
2428800,20
2429040,100
2429320,20
2429960,100
2432080,100
2432560,10
2432880,90
2433200,20
2433440,80
2433680,10
2433920,90
2434120,20
2434320,90
2434560,20
2434800,90
2435040,20
2435240,80
2435480,30
2435640,70
2435880,10
2436160,90
2436440,10
2436640,90
2436880,10
2437080,80
2437280,20
2437480,80
2437680,20
2437920,80
2438120,10
2438320,80
2438560,10
2438800,90
2439040,20
2439280,100
2439480,30
2439720,100
2439920,30
2440160,100
2440360,30
2440600,100
2440840,20
2441080,100
2441280,30
2441640,90
2441960,90
2442240,0
2442560,100
2442800,0
2443040,100
2443320,0
2443480,10
2443760,100
2444040,0
2444400,100
2444640,0
2444920,100
2445360,0
2445600,50
2446120,0
2447560,50
2447960,80
2448840,100
2449080,50
2449640,100
2449960,40
2450160,100
2450400,40
2450600,100
2450800,40
2451000,100
2451160,40
2451400,90
2451560,30
2451800,90
2452000,30
2452200,90
2452400,30
2452640,40
2452840,30
2453080,40
2453200,30
2453800,100
2455600,60
2456280,90
2456760,100
2457120,70
2457920,100
2465240,100
2465960,90
2466880,80
2471400,100
2472240,90
2473240,50
2474160,0
2474720,100
2474920,70
2475040,80
2475240,40
2475440,100
2475720,0
2476160,100
2484440,0
2485120,0
2485840,0
2486760,100
2487200,90
2487520,80
2488360,50
2488680,60
2489120,40
2489600,20
2489800,30
2490000,20
2490600,80
2491480,30
2492000,20
2492680,90
2493560,20
2494400,0
2495080,20
2495400,30
2495760,0
2496280,30
2496720,0
2497120,30
2497680,0
2498040,20
2498400,0
2498840,30
2499160,0
2499440,30
2499760,0
2500080,20
2500320,0
2500640,20
2500920,0
2501200,30
2501480,0
2501760,30
2502040,0
2502280,30
2502520,0
2502840,30
2503080,0
2503360,30
2503600,0
2503840,30
2504040,0
2504320,30
2504560,0
2504800,30
2505040,0
2505280,30
2505520,0
2505760,30
2506000,0
2506240,20
2506480,0
2506720,30
2506960,0
2507160,40
2507440,0
2507680,50
2507920,0
2508160,50
2508400,0
2508640,60
2508920,0
2509120,70
2509360,0
2509600,70
2509880,0
2510120,70
2510360,0
2510560,60
2510800,0
2511040,70
2511280,0
2511520,70
2511760,0
2512000,60
2512240,0
2512480,70
2512720,0
2512960,80
2513200,0
2513440,70
2513640,0
2513880,80
2514120,0
2514360,70
2514560,0
2514760,80
2514960,0
2515160,70
2515400,0
2515600,80
2515800,0
2516000,60
2516200,0
2516360,60
2516560,0
2516720,50
2516960,0
2517160,60
2517360,0
2517600,60
2517760,0
2518000,60
2518200,0
2518400,70
2518640,0
2518840,70
2519080,0
2519280,60
2519480,0
2519680,70
2519920,0
2520120,50
2520320,0
2520560,60
2520800,0
2521000,70
2521200,0
2521440,50
2521640,0
2521920,70
2522120,0
2522400,80
2522640,0
2522880,80
2523120,0
2523360,70
2523600,0
2523880,80
2524080,0
2524360,70
2524600,0
2524840,80
2525080,0
2525320,80
2525560,0
2525840,80
2526080,0
2526320,90
2526560,0
2526840,80
2527080,0
2527280,70
2527560,0
2527840,80
2528040,0
2528280,80
2528560,0
2528800,90
2529040,0
2529280,80
2529520,0
2529800,90
2530040,0
2530280,90
2530560,0
2530840,90
2531040,0
2531280,70
2531560,0
2531800,80
2532040,0
2532280,90
2532520,0
2532760,80
2533000,0
2533280,90
2533480,0
2533720,80
2533960,0
2534200,60
2534400,0
2534600,50
2534840,0
2535040,40
2535280,0
2535520,40
2535760,0
2536040,30
2536240,0
2536480,30
2536720,0
2537080,40
2537320,0
2537600,50
2537800,0
2538080,60
2538280,0
2538520,40
2538760,0
2539040,50
2539280,0
2539560,50
2539760,0
2540000,60
2540240,0
2540520,40
2540760,0
2541000,80
2541240,0
2541400,60
2541600,0
2541760,40
2541920,0
2542080,60
2542240,0
2542400,50
2542520,10
2542680,60
2542840,0
2542960,50
2543080,10
2543200,40
2543360,0
2543520,50
2543640,10
2543760,50
2543920,10
2544040,50
2544200,0
2544320,40
2544480,0
2544600,50
2544760,0
2544920,50
2545040,10
2545160,50
2545280,10
2545440,50
2545600,0
2545720,40
2545840,0
2545960,40
2546120,0
2546240,40
2546400,0
2546560,40
2546680,0
2546800,40
2546960,0
2547120,50
2547240,10
2547400,50
2547560,0
2547680,40
2547840,0
2547960,40
2548120,0
2548240,40
2548400,0
2548520,40
2548640,0
2548800,40
2548920,0
2549080,40
2549240,0
2549360,40
2549480,0
2549640,50
2549800,0
2549960,50
2550120,0
2550240,40
2550360,0
2550480,40
2550640,0
2550760,40
2550920,0
2551040,40
2551200,0
2551360,50
2551480,0
2551600,40
2551760,0
2551920,50
2552080,0
2552200,40
2552360,0
2552480,40
2552640,0
2552800,50
2552960,0
2553120,50
2553240,10
2553400,50
2553560,0
2553720,50
2553840,10
2554000,50
2554120,10
2554240,40
2554400,0
2554560,50
2554680,10
2554840,50
2554960,10
2555120,50
2555240,10
2555400,50
2555560,0
2555720,50
2555840,10
2556000,50
2556160,0
2556280,50
2556440,10
2556600,50
2556760,0
2556880,40
2557000,0
2557160,40
2557280,0
2557400,40
2557560,0
2557680,40
2557840,0
2558000,50
2558120,10
2558240,50
2558400,10
2558560,50
2558720,0
2558840,40
2559000,0
2559160,50
2559280,0
2559400,40
2559520,10
2559680,50
2559840,0
2559960,50
2560080,0
2560240,50
2560360,10
2560480,50
2560680,0
2560840,50
2561080,0
2561280,70
2562040,0
2562360,40
2562840,0
2563360,60
2563760,0
2564120,40
2564400,0
2564760,60
2564960,0
2565200,50
2565400,0
2565680,60
2565960,0
2566200,70
2566400,0
2566680,60
2566880,0
2567120,50
2567360,0
2567560,50
2568000,0
2568240,40
2568480,0
2568680,30
2568920,0
2569120,40
2569360,0
2569560,40
2569800,0
2569960,40
2570200,0
2570400,30
2570600,0
2570800,40
2571040,0
2571200,30
2571480,0
2571680,20
2571840,0
2572000,30
2572160,10
2572600,50
2573240,0
2573640,40
2574080,0
2574360,30
2574680,0
2574960,30
2575240,0
2575520,30
2575840,0
2576240,30
2576880,0
2577640,40
2578320,0
2578800,50
2579280,0
2579720,50
2580120,0
2580520,50
2580960,0
2581320,60
2581680,0
2582080,50
2582480,0
2582840,40
2583160,0
2583560,60
2583920,0
2584240,60
2584640,0
2584880,40
2585160,0
2585400,40
2585720,0
2585920,50
2586240,0
2586600,60
2586800,0
2587000,40
2587200,10
2587440,0
2587680,40
2587840,0
2588040,50
2588280,0
2588480,40
2588720,0
2588960,50
2589160,0
2589400,40
2589600,0
2589800,40
2590000,0
2590240,50
2590440,0
2590640,50
2590840,0
2591040,50
2591240,0
2591480,50
2591720,0
2592000,50
2592240,0
2592440,40
2592640,10
2592880,40
2593120,0
2593320,50
2593560,0
2593800,50
2594000,0
2594280,70
2594480,0
2594720,60
2594920,0
2595120,30
2595320,0
2595560,40
2595760,0
2595960,30
2596160,0
2596400,30
2596640,0
2597080,50
2597560,0
2597840,100
2599080,100
2599440,30
2600400,100
2600880,40
2601560,100
2602080,20
2602760,100
2603320,20
2604240,100
2604680,30
2605120,90
2605440,20
2605680,100
2605920,10
2606160,80
2606400,0
2606600,70
2606800,20
2607440,100
2608040,90
2608280,100
2608640,80
2608920,100
2609480,90
2610440,10
2610840,70
2611280,0
2611520,70
2611800,0
2612160,70
2612360,0
2612680,80
2612920,0
2613200,70
2613400,0
2613680,60
2613920,0
2614160,70
2614360,0
2614560,60
2614760,0
2615040,80
2615320,0
2615520,80
2615680,0
2615880,90
2616040,0
2616200,50
2616360,0
2616600,80
2616760,0
2616960,70
2617120,0
2617320,70
2617520,0
2617680,60
2617880,0
2618080,70
2618240,0
2618480,90
2618680,0
2618880,80
2619040,0
2619280,70
2619440,0
2619640,80
2619840,0
2620000,80
2620200,0
2620400,80
2620600,0
2620800,70
2621000,0
2621160,70
2621360,0
2621560,60
2621760,0
2621960,60
2622160,0
2622360,70
2622520,0
2622720,80
2622960,0
2623120,70
2623320,0
2623560,80
2623760,0
2623920,60
2624120,0
2624280,50
2624480,0
2624640,30
2624800,0
2625000,40
2625160,0
2625360,40
2625480,0
2625640,50
2625840,0
2626000,50
2626160,0
2626320,40
2626480,0
2626640,50
2626800,0
2626920,30
2627080,0
2627240,30
2627400,0
2627560,40
2627720,0
2627880,40
2628040,0
2628200,50
2628360,0
2628520,40
2628640,0
2628840,50
2629000,0
2629160,40
2629280,0
2629440,50
2629640,0
2629800,40
2629920,0
2630080,30
2630240,0
2630440,40
2630600,0
2630720,30
2630880,0
2631040,30
2631200,0
2631360,40
2631520,0
2631680,30
2631840,0
2632000,40
2632160,0
2632320,30
2632480,0
2632640,40
2632840,0
2633000,30
2633160,0
2633280,30
2633480,0
2633600,30
2633720,0
2633920,70
2634120,0
2634280,70
2634520,0
2634760,90
2634960,0
2635160,70
2635360,0
2635560,90
2635720,0
2635880,50
2636080,0
2636280,60
2636480,0
2636680,60
2636920,0
2637200,60
2637400,0
2637640,70
2637880,0
2638120,80
2638360,0
2638600,80
2638840,0
2639080,80
2639280,0
2639520,70
2639720,0
2639880,50
2640120,0
2640320,60
2640600,0
2640840,80
2641120,0
2641320,80
2641520,0
2641720,60
2641960,0
2642160,50
2642400,0
2642640,90
2642880,0
2643120,90
2643320,0
2643560,80
2643800,0
2644120,90
2644440,0
2644920,80
2645320,0
2645800,90
2646400,0
2646840,80
2647400,0
2647840,80
2648360,0
2648760,80
2649360,0
2649960,70
2650360,0
2650840,70
2651440,0
2651880,70
2652360,0
2652800,80
2653320,0
2653760,80
2654200,0
2654680,80
2655160,0
2655600,90
2656000,0
2656520,90
2656960,0
2657360,70
2657840,0
2658280,80
2658760,0
2659160,70
2659640,0
2660040,40
2660480,0
2660680,30
2661000,0
2661280,20
2662080,0
2662440,60
2662920,0
2663240,70
2663520,0
2663680,30
2663880,0
2664160,40
2664360,0
2664600,70
2664840,0
2665040,70
2665240,0
2665480,80
2665840,0
2666200,60
2666560,0
2666920,70
2667360,0
2667760,90
2668200,0
2668600,90
2669080,0
2669440,80
2670000,0
2670320,60
2670800,0
2671200,60
2671640,0
2672120,70
2672520,0
2673040,60
2673440,0
2673920,70
2674320,10
2674760,80
2675120,0
2675520,90
2675920,0
2676200,80
2676560,0
2676880,70
2677280,0
2677560,80
2677920,0
2678280,70
2678640,0
2679000,80
2679360,0
2679720,70
2680080,0
2680680,80
2681000,50
2681360,60
2681760,40
2682440,50
2682880,40
2683800,60
2684520,70
2685160,80
2685960,60
2686360,70
2686680,50
2687000,60
2687800,10
2688160,0
2688880,80
2689520,40
2689800,50
2690200,30
2690440,40
2690760,20
2690960,30
2691400,10
2691720,30
2692320,0
2692720,30
2693040,0
2693520,20
2693960,10
2694240,30
2694480,10
2694760,30
2694880,40
2695200,60
2695840,20
2696040,30
2696400,50
2696600,60
2696840,50
2697320,0
2697920,90
2698520,0
2699080,90
2699600,0
2700000,80
2700640,0
2701080,80
2701680,0
2702200,80
2702800,0
2703320,80
2703960,10
2704640,100
2704840,80
2705000,100
2705360,30
2705560,50
2706120,100
2706280,90
2707160,30
2707480,80
2707760,100
2708040,80
2708680,100
2709120,50
2709720,100
2710160,50
2710760,100
2711320,100
2711720,50
2712520,100
2712880,40
2713440,100
2713840,50
2714400,100
2714720,40
2714960,100
2715160,40
2715440,100
2716360,70
2716800,100
2717440,90
2717720,100
2718040,80
2719040,100
2719240,90
2719600,60
2720080,100
2720640,90
2721000,80
2721640,50
2722240,10
2722840,80
2723200,20
2723600,80
2724000,0
2724400,60
2724840,0
2725200,50
2725640,0
2725960,40
2726440,0
2726800,40
2727200,0
2727560,70
2728000,0
2728320,50
2728720,0
2729040,60
2729440,0
2729760,40
2730160,0
2730520,50
2730920,0
2731240,70
2731640,0
2732040,80
2732520,0
2732760,50
2733160,0
2733480,60
2733840,0
2734200,70
2734560,0
2734880,60
2735240,0
2735560,80
2735920,0
2736240,60
2736600,0
2736880,80
2737240,0
2737520,70
2737880,0
2738200,70
2738520,0
2738800,80
2739080,0
2739320,70
2739600,0
2739880,70
2740120,0
2740360,80
2740680,0
2740920,70
2741200,0
2741360,70
2741680,0
2741920,50
2742120,0
2742400,90
2742600,0
2742840,80
2743040,0
2743280,80
2743480,0
2743720,70
2743960,0
2744160,80
2744360,0
2744600,80
2744800,0
2745000,80
2745240,0
2745440,80
2745640,0
2745880,80
2746080,0
2746280,70
2746480,0
2746680,50
2746920,0
2747160,70
2747360,0
2747560,80
2747800,0
2747960,40
2748160,0
2748360,50
2748600,0
2748840,70
2749040,0
2749280,80
2749520,0
2749720,60
2749920,0
2750160,40
2750360,0
2750600,60
2750800,0
2751000,60
2751240,0
2751480,60
2751680,0
2751960,70
2752200,0
2752440,70
2752640,0
2752880,80
2753080,0
2753280,90
2753520,0
2753760,70
2753960,0
2754200,80
2754400,10
2754640,80
2754880,0
2755120,90
2755320,10
2755520,70
2755720,0
2755920,60
2756160,0
2756400,50
2756720,0
2757400,80
2757560,70
2757680,80
2758400,100
2759200,0
2759720,90
2760320,0
2760880,80
2761400,0
2761840,80
2762360,0
2762840,70
2763360,0
2764360,90
2764760,80
2765080,100
2765280,40
2765600,100
2765960,10
2766120,0
2766640,100
2767120,50
2767560,100
2768360,20
2769080,100
2769440,80
2769760,100
2770160,90
2770520,80
2771280,0
2771880,100
2772120,90
2772520,100
2772880,90
2773680,0
2774480,100
2774880,90
2775240,80
2776120,0
2776800,70
2777200,100
2777520,90
2778400,10
2779040,100
2779640,0
2780160,100
2780600,0
2781000,80
2781440,0
2781800,80
2782160,0
2782560,70
2782880,0
2783160,60
2783480,0
2783760,60
2783960,0
2784200,60
2784360,10
2784560,40
2784800,0
2785000,40
2785240,0
2785440,30
2785640,0
2785880,50
2786080,0
2786320,60
2786560,0
2786800,60
2787000,0
2787200,60
2787440,0
2787680,70
2787880,0
2788120,70
2788320,0
2788560,60
2788800,0
2789000,60
2789240,0
2789440,60
2789680,0
2789920,70
2790120,0
2790360,70
2790600,0
2790800,70
2791040,0
2791280,70
2791520,0
2791720,60
2791960,0
2792200,60
2792440,0
2792680,60
2792920,0
2793120,60
2793320,0
2793600,70
2793840,0
2794040,70
2794320,0
2794560,80
2794840,0
2795040,60
2795320,0
2795520,50
2795760,0
2796000,60
2796200,0
2796360,40
2796480,0
2796600,30
2796720,0
2796880,50
2797040,0
2797200,30
2797320,0
2797480,30
2797640,0
2797760,30
2797880,0
2798000,30
2798160,0
2798280,30
2798440,0
2798600,40
2798720,0
2798880,40
2799000,0
2799120,40
2799280,0
2799400,40
2799560,0
2799680,30
2799840,0
2800000,40
2800120,0
2800280,40
2800400,0
2800560,30
2800680,0
2800840,40
2800960,0
2801120,40
2801240,0
2801400,40
2801520,0
2801640,30
2801800,0
2801920,30
2802080,0
2802200,30
2802360,0
2802480,30
2802640,0
2802760,40
2802920,0
2803040,40
2803200,0
2803360,40
2803480,0
2803640,40
2803760,0
2803880,30
2804040,0
2804160,30
2804320,0
2804440,40
2804600,0
2804720,40
2804880,0
2805000,40
2805160,0
2805280,40
2805440,0
2805560,30
2805720,0
2805840,30
2805960,0
2806120,30
2806280,0
2806400,30
2806560,0
2806720,30
2806840,0
2807000,30
2807120,0
2807280,40
2807440,0
2807560,10
2807720,0
2808160,50
2808560,0
2809440,100
2810040,70
2810200,80
2810760,10
2810960,40
2811120,30
2811480,100
2811800,50
2812440,100
2812880,40
2813600,100
2813960,40
2814720,100
2815160,30
2815480,100
2815760,30
2816000,100
2816240,30
2816520,100
2816760,20
2816960,90
2817160,20
2817360,90
2817520,20
2817720,90
2817880,20
2818120,90
2818440,20
2818720,50
2818920,60
2819600,100
2820360,100
2820880,30
2821080,40
2821400,0
2822040,100
2822480,90
2823080,30
2823400,100
2823720,10
2824120,100
2824360,0
2824720,100
2825040,0
2825360,100
2825640,20
2826120,100
2826680,40
2826840,10
2827240,100
2827480,0
2827840,100
2828480,0
2828840,80
2829280,100
2829600,60
2830280,90
2830480,100
2830880,50
2831160,100
2831720,0
2832200,100
2832440,0
2833240,60
2833480,100
2834280,20
2834560,70
2834760,60
2835200,90
2835720,80
2836160,90
2836720,30
2837280,100
2838640,100
2838920,70
2839520,100
2840040,60
2840720,100
2841200,50
2841920,100
2842320,50
2843040,100
2843520,40
2844160,100
2844560,40
2844760,30
2845480,100
2845840,40
2846400,90
2846680,100
2847280,40
2847920,100
2848200,40
2848760,100
2849040,50
2849560,100
2849920,60
2850280,100
2850680,90
2851520,100
2851840,80
2852400,100
2852760,80
2853160,90
2853360,100
2853640,60
2854120,100
2854480,70
2854840,100
2855240,70
2855600,100
2856000,60
2856440,100
2856800,60
2857320,100
2857680,40
2858000,90
2858280,40
2858520,100
2858760,50
2859000,90
2859440,40
2860120,100
2860320,90
2860520,100
2861240,90
2861720,80
2862200,100
2862760,70
2863040,60
2863560,90
2864120,100
2864680,90
2864880,100
2865160,80
2865840,100
2866440,30
2866600,50
2866840,60
2867040,20
2867320,60
2867560,0
2868440,90
2868600,20
2868760,30
2869080,90
2869520,10
2870000,90
2870600,30
2870880,10
2871200,100
2871520,0
2871840,100
2872200,0
2872520,100
2872800,0
2873120,90
2873400,0
2873720,80
2874080,0
2874280,80
2874560,70
2874840,100
2875440,20
2875800,100
2876080,30
2876360,100
2876680,10
2876920,100
2877240,10
2877480,100
2877760,0
2878000,100
2878240,0
2878520,100
2878720,20
2878960,100
2879200,30
2879440,100
2879680,30
2879920,100
2880160,20
2880400,100
2880640,10
2880800,50
2881000,20
2881240,30
2881640,10
2881920,30
2882160,10
2882640,100
2883000,80
2883360,100
2883640,80
2884360,100
2884640,90
2884760,100
2885160,70
2885640,90
2886080,70
2886400,80
2886600,70
2886880,80
2887080,70
2887320,80
2887480,70
2887840,100
2888080,80
2888280,100
2888560,90
2888720,70
2889040,90
2889360,70
2889680,80
2889840,70
2889960,80
2890240,70
2890640,80
2891120,90
2891280,80
2891600,100
2892120,10
2892520,30
2892800,0
2893080,80
2893680,70
2894000,90
2894120,80
2894480,70
2894920,90
2895160,70
2895320,100
2895840,10
2896040,60
2896280,20
2896480,30
2896680,10
2896920,30
2897200,0
2897480,30
2897800,70
2898000,0
2898240,90
2898440,0
2898640,80
2898880,0
2899120,90
2899320,0
2899560,100
2899880,70
2900240,80
2900480,70
2900680,80
2900880,70
2901160,80
2901480,70
2901800,60
2902120,80
2902400,70
2902640,60
2902920,70
2903160,100
2903560,80
2903960,100
2904440,70
2905000,30
2905200,10
2905360,40
2905640,0
2906000,30
2906320,0
2906520,20
2906760,0
2907160,30
2907640,10
2908400,0
2909040,30
2909400,50
2909600,40
2909880,20
2910160,60
2910720,90
2911000,60
2911280,100
2911520,20
2911840,90
2912080,60
2912280,80
2912960,50
2913120,70
2913320,50
2913720,100
2920760,60
2921280,10
2921520,0
2921680,30
2921840,20
2922480,0
2922720,30
2923240,0
2924160,0
2924520,70
2924920,40
2925280,100
2925760,20
2926320,90
2926920,0
2927520,90
2928000,0
2928240,10
2928760,100
2929280,0
2929760,100
2930200,20
2930960,0
2931480,10
2931760,0
2932080,30
2932440,10
2932960,40
2933600,60
2933920,40
2934360,100
2934960,60
2935440,100
2936080,40
2936480,100
2936960,30
2937520,100
2937920,30
2938440,100
2938920,20
2939360,100
2939840,30
2940040,80
2940320,70
2940800,40
2941120,90
2941560,30
2942040,100
2942560,10
2943160,100
2943520,30
2944040,100
2944360,20
2944880,100
2945200,30
2945680,100
2946200,10
2946400,30
2946600,20
2947120,90
2947800,10
2948400,90
2948760,30
2949360,100
2949640,20
2950160,100
2950560,30
2950920,100
2951440,0
2952000,100
2952440,20
2952960,100
2953280,30
2953640,100
2954000,10
2954480,90
2954640,100
2955000,30
2955480,100
2956080,30
2956680,100
2957280,0
2957800,20
2958640,90
2959240,40
2959880,90
2960400,20
2961040,90
2961560,20
2962120,90
2962680,30
2963480,90
2964360,50
2965040,20
2965240,30
2967360,100
2967960,30
2968240,0
2968480,10
2968720,0
2969000,100
2969240,80
2969560,90
2969880,80
2970200,100
2970840,80
2971960,100
2972800,70
2973240,90
2973400,80
2973560,100
2974040,70
2974400,100
2975040,70
2975440,100
2975560,90
2975880,70
2976120,90
2976640,100
2977160,70
2977680,90
2978000,70
2978320,100
2979080,40
2979240,50
2979720,60
2980280,20
2981160,100
2981720,90
2982400,60
2982600,80
2983320,20
2983880,40
2984400,90
2984800,20
2985160,100
2986080,100
2986320,80
2986480,100
2986680,90
2986800,100
2988600,100
2989320,90
2989920,70
2990360,30
2990800,20
2991400,100
2991760,40
2992200,50
2992480,40
2992760,60
2993200,20
2993640,90
2994120,10
2994560,70
2995240,0
2995880,50
2996440,0
2997000,70
2997480,0
2997960,70
2998440,0
2998920,80
2999480,0
2999880,90
3000240,0
3000760,80
3001280,0
3001960,70
3002480,0
3003000,80
3003480,0
3003960,80
3004480,10
3004920,80
3005360,0
3005840,70
3006320,0
3006800,70
3007200,0
3007680,50
3008160,0
3008600,30
3008840,40
3009200,0
3009560,60
3010120,0
3010560,60
3011080,0
3011440,60
3011920,0
3012280,70
3012720,20
3012960,40
3013520,0
3013880,60
3014200,0
3014680,40
3015120,0
3015560,30
3015960,0
3016440,90
3016680,0
3016880,50
3017120,0
3017360,70
3017560,0
3017840,70
3018000,10
3018240,90
3018480,0
3018680,30
3018960,0
3019280,40
3019440,0
3019640,40
3019800,0
3020000,50
3020160,0
3020320,40
3020520,0
3020680,40
3020840,0
3021040,50
3021200,0
3021400,50
3021600,0
3021800,60
3021960,0
3022080,70
3022240,0
3022400,60
3022560,0
3022720,30
3022760,30
3022960,0
3023120,20
3023280,0
3023640,30
3023840,40
3024320,0
3024760,80
3025200,0
3025640,70
3026080,0
3026440,70
3026880,0
3027320,90
3027720,20
3028160,90
3028600,10
3028920,80
3029360,10
3029560,60
3029960,0
3030240,60
3030720,0
3031040,40
3031400,0
3031720,40
3032040,0
3032360,50
3032680,0
3032960,50
3033320,0
3033520,60
3033840,0
3034120,50
3034440,0
3034720,40
3035080,0
3035320,30
3035600,0
3035840,30
3036120,0
3036360,50
3036640,0
3036880,40
3037160,0
3037320,50
3037560,0
3037760,40
3037960,0
3038160,50
3038360,0
3038560,40
3038800,0
3039000,60
3039240,0
3039440,50
3039600,0
3039760,40
3039960,0
3040160,40
3040360,0
3040520,40
3040720,0
3040880,50
3041040,0
3041200,50
3041360,0
3041560,80
3041720,0
3041880,70
3042040,0
3042200,60
3042360,0
3042560,50
3042720,0
3042880,70
3043040,0
3043160,50
3043320,0
3043480,50
3043640,0
3043800,40
3043960,0
3044120,60
3044280,0
3044400,40
3044560,0
3044720,50
3044880,0
3045040,60
3045200,0
3045360,60
3045520,0
3045680,50
3045800,0
3045960,70
3046120,0
3046280,60
3046400,0
3046560,70
3046720,0
3046880,80
3047040,0
3047200,60
3047360,0
3047520,70
3047640,10
3047800,80
3047960,0
3048120,80
3048280,0
3048400,50
3048560,0
3048680,60
3048800,10
3048960,50
3049120,0
3049280,60
3049440,0
3049560,60
3049720,10
3049840,60
3050000,0
3050160,50
3050280,0
3050440,60
3050560,10
3050720,60
3050840,10
3051000,60
3051160,0
3051320,50
3051440,0
3051600,50
3051760,0
3051880,40
3052040,0
3052200,60
3052320,10
3052480,70
3052640,0
3052800,70
3052920,10
3053040,50
3053200,0
3053360,50
3053480,10
3053640,60
3053760,10
3053920,60
3054040,10
3054200,60
3054320,10
3054440,60
3054600,0
3054760,70
3054880,10
3055000,50
3055160,0
3055280,50
3055440,0
3055600,60
3055760,0
3055880,50
3056040,0
3056160,40
3056320,0
3056480,40
3056640,0
3056760,50
3056920,0
3057080,50
3057240,0
3057400,40
3057520,0
3057640,40
3057800,0
3057960,50
3058120,0
3058240,50
3058400,0
3058560,50
3058720,0
3058840,50
3059000,0
3059120,40
3059280,0
3059440,50
3059560,0
3059720,50
3059840,0
3060000,50
3060160,0
3060280,40
3060440,0
3060600,60
3060720,10
3060880,50
3061000,0
3061160,40
3061280,0
3061440,30
3061600,0
3061760,40
3061880,10
3062040,50
3062200,0
3062360,60
3062480,10
3062640,50
3062840,0
3063000,50
3063200,0
3063320,30
3063440,0
3063600,50
3063760,0
3063920,60
3064040,0
3064200,50
3064320,0
3064480,50
3064640,0
3064800,60
3064960,0
3065120,50
3065280,0
3065440,70
3065600,0
3065760,80
3065880,10
3066040,70
3066160,0
3066320,50
3066480,0
3066640,60
3066760,0
3066920,50
3067080,0
3067240,70
3067400,0
3067560,80
3067720,0
3067840,70
3068000,20
3068440,0
3068640,40
3068960,0
3069160,30
3069280,0
3069440,30
3069600,0
3069720,30
3069880,0
3070040,40
3070200,0
3070360,30
3070520,0
3070640,30
3070760,0
3070920,30
3071080,0
3071240,30
3071400,0
3071560,30
3071720,0
3071840,30
3071960,0
3072120,30
3072240,0
3072400,30
3072560,0
3072720,30
3072920,0
3073200,40
3073400,0
3073600,30
3073760,0
3073920,30
3074080,0
3074240,40
3074360,0
3074520,30
3074680,0
3074840,30
3074960,0
3075120,40
3075240,0
3075360,30
3075520,0
3075640,30
3075800,0
3075960,40
3076120,0
3076240,30
3076400,0
3076520,30
3076680,0
3076880,40
3077000,0
3077120,30
3077240,0
3077360,40
3077480,0
3077640,40
3077760,0
3077920,50
3078080,0
3078240,60
3078360,10
3078520,60
3078680,0
3078840,60
3079000,0
3079160,70
3079320,0
3079480,60
3079600,0
3079760,60
3079920,0
3080080,60
3080200,0
3080360,70
3080520,0
3080640,60
3080800,0
3080920,50
3081080,0
3081200,40
3081360,0
3081520,50
3081680,0
3081800,40
3081960,0
3082080,50
3082240,0
3082360,50
3082520,0
3082640,60
3082800,0
3082960,60
3083120,0
3083240,40
3083400,10
3083520,30
3083840,20
3084480,80
3085040,30
3085680,100
3086120,80
3086680,100
3087000,50
3087320,100
3087560,40
3087880,100
3088080,20
3088320,100
3088520,20
3088760,100
3089000,20
3089200,100
3089440,10
3089640,100
3089840,20
3090040,100
3090240,20
3090480,100
3090680,30
3090880,100
3091040,30
3091240,100
3091440,20
3091880,100
3092640,30
3092840,0
3093200,10
3093360,30
3093880,0
3094800,70
3095160,80
3095760,60
3096400,0
3096960,100
3097720,80
3098720,40
3099280,60
3100280,0
3100800,20
3101200,0
3101560,40
3101880,0
3102240,60
3102480,0
3102640,60
3102800,0
3102960,60
3103120,0
3103280,70
3103440,0
3103600,70
3103760,0
3103920,60
3104080,0
3104240,70
3104360,10
3104520,60
3104680,20
3104840,70
3104960,20
3105120,70
3105280,10
3105440,80
3105560,20
3105720,80
3105880,0
3106040,80
3106200,10
3106320,20
3106440,0
3106600,80
3106760,0
3106920,70
3107120,0
3107280,50
3107440,0
3107600,60
3107760,20
3107960,90
3108120,20
3108280,100
3108480,10
3108600,30
3108880,0
3109440,60
3110120,20
3110920,100
3111800,0
3112120,90
3112400,0
3114360,0
3114640,80
3114800,0
3115040,100
3115240,0
3115440,50
3115720,10
3115960,60
3116720,0
3117720,100
3118720,0
3119720,100
3120720,0
3121720,100
3122720,0
3123720,100
3124240,50
3124760,100
3125280,40
3125800,100
3126800,0
3127800,100
3128720,30
3129200,0
3129680,10
3130120,20
3130400,0
3131840,70
3132160,100
3132520,50
3133360,90
3133880,90
3134160,100
3138280,0
3138800,30
3139240,20
3140000,80
3140520,0
3141160,50
3141600,0
3142240,90
3143120,10
3143480,20
3144240,60
3145000,0
3145280,10
3145560,0
3145920,30
3146320,0
3146800,10
3147840,60
3148360,90
3149080,30
3149320,10
3150160,100
3150720,10
3151120,70
3151320,100
3151600,80
3152160,100
3153000,80
3153360,0
3153800,50
3154600,0
3155120,100
3155560,60
3156080,100
3156600,0
3157160,60
3157600,0
3158040,50
3158440,0
3158720,20
3159400,30
3159560,0
3160040,100
3160360,50
3160640,100
3160880,50
3161200,100
3161480,40
3161720,90
3162040,30
3162280,90
3162720,20
3162880,30
3163040,20
3163320,10
3163720,20
3163840,10
3164240,30
3164480,10
3164720,0
3164880,10
3165040,0
3165280,20
3165400,10
3166360,90
3166560,50
3166800,90
3167000,40
3167280,100
3167520,20
3167760,100
3168000,30
3168280,100
3168520,20
3168720,90
3168960,20
3169240,90
3169480,20
3169720,100
3169920,40
3170160,90
3170440,60
3171080,90
3171240,80
3171440,90
3171800,40
3172120,60
3172280,50
3172440,60
3172640,50
3173000,60
3173200,50
3173600,90
3174040,30
3174400,90
3174640,40
3174920,90
3175200,40
3175480,90
3175720,30
3176000,100
3176320,40
3176600,100
3176840,50
3177080,90
3177280,50
3177520,100
3177720,40
3177960,90
3178160,20
3178400,90
3178640,10
3178920,100
3179120,20
3179360,100
3179560,20
3179800,100
3180040,20
3180320,100
3180560,20
3180760,100
3181000,20
3181240,100
3181480,20
3181720,100
3182000,40
3182200,100
3182440,30
3182720,100
3182920,30
3183160,100
3183480,10
3183640,20
3183880,0
3184040,20
3184200,10
3184400,20
3184600,10
3185440,100
3186440,0
3186680,20
3187200,80
3187360,100
3187640,40
3187840,100
3188120,20
3188320,90
3188520,10
3188760,80
3188960,0
3189160,70
3189360,0
3189560,80
3189760,0
3190000,70
3190360,20
3190520,10
3190680,20
3190800,10
3191080,20
3191560,10
3191720,20
3192240,0
3192440,10
3192640,0
3192880,10
3193040,0
3193400,100
3193680,100
3194040,10
3194280,90
3194520,10
3194760,90
3194960,20
3195200,90
3195400,10
3195600,80
3195840,0
3196040,90
3196240,0
3196440,80
3196640,10
3196840,70
3197040,10
3197240,70
3197440,0
3197640,80
3197840,10
3198040,70
3198240,0
3198440,80
3198600,20
3198800,70
3199040,10
3199440,60
3199560,70
3200080,100
3202120,0
3202600,30
3203320,20
3203760,0
3204240,20
3205000,0
3205560,80
3205800,90
3206080,0
3206360,100
3206800,0
3207520,100
3208000,0
3208560,100
3208800,0
3209200,70
3209480,90
3209680,0
3210160,90
3210440,0
3210920,90
3211200,10
3211560,100
3211920,0
3212400,100
3212600,10
3212960,60
3213360,0
3213840,40
3214600,0
3214840,20
3215240,0
3215680,10
3216200,70
3216680,20
3217320,70
3217960,40
3218360,10
3218560,40
3218800,30
3219240,60
3219640,0
3219920,10
3220200,0
3220640,10
3221320,0
3222120,100
3222520,60
3222840,100
3223200,10
3223440,90
3223640,0
3223840,80
3224040,0
3224240,100
3224440,0
3224600,100
3224800,20
3224960,100
3225280,10
3225520,100
3225720,0
3225880,20
3226080,0
3226680,100
3226840,0
3227080,100
3227320,0
3227560,100
3227840,0
3228040,100
3228320,0
3228520,100
3228920,0
3229280,90
3229440,10
3229680,100
3229880,0
3230160,100
3230360,0
3230640,100
3230880,0
3231120,100
3231280,0
3231520,100
3231720,0
3231920,100
3232080,0
3232320,100
3232520,0
3232760,100
3232920,0
3233160,100
3233360,0
3233560,100
3233800,0
3234040,100
3234280,0
3234520,100
3234760,0
3235000,100
3235200,0
3235360,100
3235560,0
3235720,100
3235920,0
3236120,100
3236280,0
3236480,100
3236640,0
3236800,100
3236960,0
3237120,100
3237280,0
3237440,100
3237600,0
3237760,100
3237920,0
3238120,100
3238320,0
3238480,100
3238640,0
3238840,100
3239000,0
3239160,100
3239320,0
3239480,100
3239640,0
3239800,100
3239960,0
3240160,100
3240320,0
3240480,100
3240640,0
3240800,100
3240960,0
3241120,100
3241280,0
3241440,100
3241600,0
3241760,100
3241920,0
3242080,100
3242240,0
3242400,100
3242560,0
3242720,100
3242880,0
3243040,100
3243200,0
3243360,100
3243520,0
3243680,100
3243840,0
3244000,100
3244160,0
3244320,100
3244480,0
3244640,100
3244800,100
3244960,0
3245120,100
3245280,0
3245480,100
3245800,70
3246160,100
3246560,30
3246800,90
3247000,30
3247200,90
3247400,30
3247600,100
3247840,30
3248040,100
3248240,20
3248520,100
3248760,0
3249000,100
3249320,0
3249560,100
3249840,0
3250160,100
3250520,0
3250880,70
3251040,0
3251280,80
3251480,0
3251720,90
3251960,0
3252200,100
3252440,0
3252640,90
3252880,0
3253040,80
3253240,0
3253440,70
3253680,0
3253840,80
3254080,0
3254240,90
3254400,50
3254560,100
3255000,0
3255240,20
3255400,0
3255560,20
3255760,0
3255880,10
3256000,0
3256160,10
3257000,80
3257120,90
3257280,10
3257520,100
3257720,20
3257960,100
3258120,0
3258320,100
3258480,0
3258680,100
3258840,10
3259000,100
3259200,30
3259320,90
3259440,20
3259600,100
3259720,20
3259880,100
3260120,40
3260280,100
3260480,10
3260640,100
3260840,10
3261000,100
3261200,0
3261360,100
3261560,0
3261720,100
3261880,10
3262080,100
3262280,20
3262440,100
3262600,0
3262760,100
3262920,0
3263080,100
3263240,0
3263400,100
3263640,0
3263800,100
3264000,0
3264200,100
3264400,0
3264560,100
3264800,10
3265040,100
3265280,0
3265480,100
3265840,0
3266120,100
3266440,30
3266800,100
3267240,0
3267880,90
3268160,0
3268360,60
3268680,70
3269240,100
3269440,0
3269920,50
3270400,80
3270520,100
3270720,50
3271080,100
3271480,0
3272080,90
3272440,70
3272920,100
3273520,50
3274240,100
3275040,100
3275360,80
3275560,100
3276800,100
3277040,90
3277360,100
3278280,50
3278600,70
3279080,10
3279880,100
3280360,20
3281120,100
3281600,60
3282120,100
3282720,0
3283320,100
3283760,0
3284360,100
3284720,80
3285520,90
3286800,90
3287520,30
3288000,40
3288640,30
3289320,0
3290080,100
3290400,0
3291080,100
3291680,0
3292000,10
3292920,30
3293160,0
3293960,100
3294400,0
3295400,90
3295640,100
3297480,0
3298000,90
3298320,0
3299080,100
3299520,0
3300040,100
3300400,0
3300600,10
3301560,100
3302240,20
3302800,0
3303280,100
3303440,0
3303760,100
3303920,0
3304080,100
3304240,0
3304400,100
3304600,0
3304760,100
3304960,0
3305280,100
3305440,0
3305600,100
3305760,0
3306120,100
3306320,0
3306520,100
3306640,30
3306760,90
3306880,10
3307040,100
3307160,10
3307320,100
3307440,10
3307560,90
3307720,0
3308000,80
3308280,100
3309160,0
3310080,100
3310640,0
3311520,100
3312440,0
3313320,100
3313480,0
3313640,100
3313800,0
3313960,100
3314120,0
3314280,100
3314440,0
3314600,100
3314760,0
3314920,100
3315080,0
3315240,100
3315400,0
3315560,100
3315720,0
3315880,100
3316040,0
3316200,100
3316360,0
3316680,0
3316840,100
3317000,0
3317160,100
3317320,0
3317480,100
3317640,20
3317840,0
3318200,20
3318480,0
3318800,60
3319000,0
3319440,10
3319760,0
3322760,0
3323160,10
3325600,0
3326520,70
3327440,100
3328360,0
3328840,10
3329080,100
3329240,80
3330640,80
3331400,30
3332240,0
3333000,100
3333640,100
3334240,90
3334840,100
3335240,90
3336160,100
3336600,90
3337280,90
3337760,60
3338360,80
3339240,100
